function [xiQ,wQ]=gQuad
%sets gaussian quadrature points and weights for orders 1,2,3,4

%order 1
xiQ(1,1)=0;
wQ(1,1)=2;
%order 2
xiQ(1,2)=-1/sqrt(3);
xiQ(2,2)=-xiQ(1,2);
wQ(1,2)=1;
wQ(2,2)=wQ(1,2);
%order 3
xiQ(1,3)=-sqrt(3./5);
xiQ(2,3)=0;
xiQ(3,3)=-xiQ(1,3);
wQ(1,3)=5./9;
wQ(2,3)=8./9;
wQ(3,3)=wQ(1,3);
%order 4
xiQ(1,4)=-0.861136311594053;
xiQ(2,4)=-0.339981043584856;
xiQ(3,4)=-xiQ(2,4);
xiQ(4,4)=-xiQ(1,4);
wQ(1,4)=0.347854845137454;
wQ(2,4)=0.652145154862546;
wQ(3,4)=wQ(2,4);
wQ(4,4)=wQ(1,4);
% 
% %20th order
% xiQ(1,20) =-0.0765265211334973;
% xiQ(2,20) =0.0765265211334973;
% xiQ(3,20) =-0.2277858511416451;
% xiQ(4,20) =0.2277858511416451;
% xiQ(5,20) =-0.3737060887154195;
% xiQ(6,20) =0.3737060887154195;
% xiQ(7,20) =-0.5108670019508271;
% xiQ(8,20) =0.5108670019508271;
% xiQ(9,20) =-0.6360536807265150;
% xiQ(10,20) =0.6360536807265150;
% xiQ(11,20) =-0.7463319064601508;
% xiQ(12,20) =0.7463319064601508;
% xiQ(13,20) =-0.8391169718222188;
% xiQ(14,20) =0.8391169718222188;
% xiQ(15,20) =-0.9122344282513259;
% xiQ(16,20) =0.9122344282513259;
% xiQ(17,20) =-0.9639719272779138;
% xiQ(18,20) =0.9639719272779138;
% xiQ(19,20) =-0.9931285991850949;
% xiQ(20,20) =0.9931285991850949;
% wQ(1,20) = 0.1527533871307258;
% wQ(2,20) = 0.1527533871307258;
% wQ(3,20) = 0.1491729864726037;
% wQ(4,20) = 0.1491729864726037;
% wQ(5,20) = 0.1420961093183820;
% wQ(6,20) = 0.1420961093183820;
% wQ(7,20) = 0.1316886384491766;
% wQ(8,20) = 0.1316886384491766;
% wQ(9,20) = 0.1181945319615184;
% wQ(10,20) = 0.1181945319615184;
% wQ(11,20) = 0.1019301198172404;
% wQ(12,20) = 0.1019301198172404;
% wQ(13,20) = 0.0832767415767048;
% wQ(14,20) = 0.0832767415767048;
% wQ(15,20) = 0.0626720483341091;
% wQ(16,20) = 0.0626720483341091;
% wQ(17,20) = 0.0406014298003869;
% wQ(18,20) = 0.0406014298003869;
% wQ(19,20) = 0.0176140071391521;
% wQ(20,20) = 0.0176140071391521;